      3402.04      2.62363
      3405.40      3.20058
      3408.77      3.62097
      3412.13      4.23707
      3415.49      3.57759
      3418.86      4.06460
      3422.22      4.24318
      3425.58      3.56957
      3428.95      4.82209
      3432.31      3.16099
      3435.67      3.52072
      3439.04      3.57600
      3442.40      3.68895
      3445.76      4.32735
      3449.13      4.89209
      3452.49      5.11148
      3455.85      5.46537
      3459.22      5.12165
      3462.58      5.42744
      3465.94      5.12729
      3469.31      4.50079
      3472.67      5.11255
      3476.03      5.31530
      3479.40      5.98983
      3482.76      5.31522
      3486.12      5.28859
      3489.49      4.67113
      3492.85      5.83020
      3496.21      5.98265
      3499.58      5.88128
      3502.94      5.22254
      3506.30      6.10056
      3509.67      5.88073
      3513.03      6.31833
      3516.40      6.26363
      3519.76      6.07457
      3523.12      6.80629
      3526.49      6.32622
      3529.85      6.33850
      3533.21      6.02779
      3536.58      7.03691
      3539.94      7.87213
      3543.30      7.59262
      3546.67      7.37336
      3550.03      7.68874
      3553.39      7.20258
      3556.76      7.16281
      3560.12      6.94275
      3563.48      6.42237
      3566.85      6.80208
      3570.21      6.67289
      3573.57      6.51420
      3576.94      7.40741
      3580.30      6.32844
      3583.66      6.64753
      3587.03      6.12727
      3590.39      6.46420
      3593.75      6.49369
      3597.12      6.66514
      3600.48      5.85485
      3603.84      6.13698
      3607.21      6.50914
      3610.57      6.43321
      3613.93      6.18828
      3617.30      6.40253
      3620.66      6.60891
      3624.02      6.23976
      3627.39      6.49425
      3630.75      6.09591
      3634.11      5.91847
      3637.48      5.98220
      3640.84      5.69256
      3644.20      6.41777
      3647.57      6.74037
      3650.93      6.73170
      3654.29      6.11939
      3657.66      6.65360
      3661.02      6.93600
      3664.38      5.98662
      3667.75      6.12472
      3671.11      6.20238
      3674.47      5.81680
      3677.84      5.83468
      3681.20      6.02109
      3684.56      5.64900
      3687.93      5.50376
      3691.29      5.80647
      3694.65      5.76132
      3698.02      6.06526
      3701.38      5.96476
      3704.74      5.60912
      3708.11      5.72442
      3711.47      5.86408
      3714.83      5.89296
      3718.20      5.96179
      3721.56      6.03694
      3724.92      5.89640
      3728.29      5.62590
      3731.65      5.92122
      3735.01      6.01460
      3738.38      6.04778
      3741.74      5.78937
      3745.10      6.25069
      3748.47      6.16432
      3751.83      5.67705
      3755.19      5.52603
      3758.56      5.66873
      3761.92      5.61990
      3765.28      5.72960
      3768.65      5.79883
      3772.01      5.72037
      3775.37      5.72200
      3778.74      5.41974
      3782.10      5.44101
      3785.46      5.73305
      3788.83      5.52260
      3792.19      5.61503
      3795.55      5.81487
      3798.92      5.66414
      3802.28      6.15340
      3805.64      5.69000
      3809.01      5.56192
      3812.37      5.57998
      3815.74      5.48983
      3819.10      5.60851
      3822.46      5.25307
      3825.83      5.33533
      3829.19      5.57086
      3832.55      5.61569
      3835.92      5.53656
      3839.28      5.50404
      3842.64      5.54963
      3846.01      5.60327
      3849.37      5.14331
      3852.73      5.28566
      3856.10      5.72400
      3859.46      5.44218
      3862.82      5.21322
      3866.19      5.49582
      3869.55      5.45476
      3872.91      5.38433
      3876.28      5.41924
      3879.64      5.01609
      3883.00      5.17305
      3886.37      5.14504
      3889.73      5.15193
      3893.09      5.15294
      3896.46      5.19719
      3899.82      5.30862
      3903.18      5.14773
      3906.55      5.01136
      3909.91      5.25392
      3913.27      5.30057
      3916.64      5.26477
      3920.00      5.28510
      3923.36      4.92323
      3926.73      5.01632
      3930.09      4.88987
      3933.45      5.05455
      3936.82      4.99803
      3940.18      5.12173
      3943.54      5.27341
      3946.91      5.44940
      3950.27      5.40892
      3953.63      5.35043
      3957.00      5.43145
      3960.36      5.11220
      3963.72      4.96756
      3967.09      4.81234
      3970.45      4.91249
      3973.81      5.00251
      3977.18      4.85996
      3980.54      4.86571
      3983.90      5.01573
      3987.27      5.14586
      3990.63      4.79766
      3993.99      4.91405
      3997.36      4.73409
      4000.72      4.76423
      4004.08      5.03080
      4007.45      4.92044
      4010.81      4.77646
      4014.17      4.44140
      4017.54      4.49597
      4020.90      4.83640
      4024.26      4.93255
      4027.63      5.05676
      4030.99      5.30783
      4034.35      4.79011
      4037.72      5.03187
      4041.08      5.04845
      4044.44      4.85630
      4047.81      4.85866
      4051.17      5.13861
      4054.53      5.05790
      4057.90      4.87348
      4061.26      5.13013
      4064.62      5.36858
      4067.99      5.08806
      4071.35      4.99911
      4074.71      4.94102
      4078.08      5.13866
      4081.44      5.17593
      4084.80      5.21544
      4088.17      5.18697
      4091.53      5.39470
      4094.89      5.30104
      4098.26      5.29853
      4101.62      5.32556
      4104.98      5.22512
      4108.35      5.27673
      4111.71      5.24476
      4115.08      5.24871
      4118.44      5.08701
      4121.80      5.19135
      4125.17      5.43194
      4128.53      5.12239
      4131.89      5.10879
      4135.26      5.22152
      4138.62      5.10834
      4141.98      5.29473
      4145.35      5.06907
      4148.71      5.13934
      4152.07      5.04653
      4155.44      5.03976
      4158.80      4.93486
      4162.16      5.09521
      4165.53      5.16596
      4168.89      4.96402
      4172.25      4.90567
      4175.62      4.86315
      4178.98      4.92230
      4182.34      5.00953
      4185.71      4.79871
      4189.07      4.72226
      4192.43      4.79755
      4195.80      4.64520
      4199.16      5.29792
      4202.52      6.05006
      4205.89      5.99387
      4209.25      7.83913
      4212.61      5.85821
      4215.98      4.44969
      4219.34      4.59864
      4222.70      4.60556
      4226.07      4.54345
      4229.43      4.38338
      4232.79      4.40765
      4236.16      4.39771
      4239.52      4.39900
      4242.88      4.35822
      4246.25      4.43761
      4249.61      4.42927
      4252.97      4.39241
      4256.34      4.37811
      4259.70      4.22474
      4263.06      4.37015
      4266.43      4.29327
      4269.79      4.31714
      4273.15      4.42603
      4276.52      4.48277
      4279.88      4.27410
      4283.24      4.44651
      4286.61      4.38115
      4289.97      4.31564
      4293.33      4.48053
      4296.70      4.31053
      4300.06      4.36864
      4303.42      4.42876
      4306.79      4.42078
      4310.15      4.42925
      4313.51      4.54391
      4316.88      4.52199
      4320.24      4.55232
      4323.60      4.50474
      4326.97      4.46154
      4330.33      4.58240
      4333.69      4.71135
      4337.06      4.66135
      4340.42      4.57449
      4343.78      4.39339
      4347.15      4.61454
      4350.51      4.65150
      4353.87      4.64182
      4357.24      4.58293
      4360.60      4.48451
      4363.96      4.50592
      4367.33      4.68071
      4370.69      4.61086
      4374.05      4.59421
      4377.42      4.67386
      4380.78      4.60676
      4384.14      4.56134
      4387.51      4.60434
      4390.87      4.59033
      4394.23      4.59229
      4397.60      4.71350
      4400.96      4.65485
      4404.32      4.55893
      4407.69      4.38500
      4411.05      4.52124
      4414.42      4.39921
      4417.78      4.37986
      4421.14      4.41157
      4424.50      4.36901
      4427.87      4.41973
      4431.23      4.43135
      4434.60      4.33857
      4437.96      4.34134
      4441.32      4.36431
      4444.69      4.45031
      4448.05      4.50336
      4451.41      4.39867
      4454.78      4.31538
      4458.14      4.38790
      4461.50      4.46421
      4464.87      4.32576
      4468.23      4.31500
      4471.59      4.37367
      4474.96      4.20134
      4478.32      4.22690
      4481.68      4.23492
      4485.05      4.28195
      4488.41      4.11502
      4491.77      3.99014
      4495.14      4.17197
      4498.50      4.02557
      4501.86      3.95451
      4505.23      4.13233
      4508.59      4.17695
      4511.95      4.21605
      4515.32      4.05930
      4518.68      4.17940
      4522.04      4.10399
      4525.41      3.95896
      4528.77      4.05070
      4532.13      4.02362
      4535.50      4.08955
      4538.86      3.99907
      4542.22      4.02085
      4545.59      4.06514
      4548.95      3.97096
      4552.31      3.86294
      4555.68      3.99328
      4559.04      3.77259
      4562.40      3.84590
      4565.77      3.81788
      4569.13      3.78377
      4572.49      3.84309
      4575.86      3.80493
      4579.22      3.82788
      4582.58      3.75061
      4585.95      3.63360
      4589.31      3.74505
      4592.67      3.75502
      4596.04      3.75258
      4599.40      3.63561
      4602.76      3.70543
      4606.13      3.83366
      4609.49      3.86553
      4612.85      3.75162
      4616.22      3.74804
      4619.58      3.78271
      4622.94      3.87637
      4626.31      3.84417
      4629.67      3.79355
      4633.03      3.72050
      4636.40      3.87073
      4639.76      3.89852
      4643.12      3.79112
      4646.49      3.95065
      4649.85      3.86278
      4653.21      3.80183
      4656.58      3.76960
      4659.94      3.74209
      4663.30      3.76292
      4666.67      3.61439
      4670.03      3.66594
      4673.39      3.72758
      4676.76      3.73573
      4680.12      3.57974
      4683.48      3.49777
      4686.85      3.77901
      4690.21      3.61116
      4693.57      3.50590
      4696.94      3.50579
      4700.30      3.57936
      4703.67      3.63970
      4707.03      3.65988
      4710.39      3.56628
      4713.75      3.44239
      4717.12      3.39926
      4720.48      3.41343
      4723.85      3.60745
      4727.21      3.54118
      4730.57      3.43733
      4733.94      3.31355
      4737.30      3.38285
      4740.66      3.39911
      4744.03      3.28549
      4747.39      3.20331
      4750.75      3.17325
      4754.12      3.25544
      4757.48      3.24067
      4760.84      3.20534
      4764.21      3.30004
      4767.57      3.30049
      4770.93      3.18273
      4774.30      3.11016
      4777.66      3.29751
      4781.02      3.32577
      4784.39      3.20401
      4787.75      3.30681
      4791.11      3.35470
      4794.48      3.45596
      4797.84      3.39525
      4801.20      3.33734
      4804.57      3.37765
      4807.93      3.45156
      4811.29      3.50222
      4814.66      3.63445
      4818.02      3.53645
      4821.38      3.60828
      4824.75      3.73826
      4828.11      3.66910
      4831.47      3.59859
      4834.84      3.69602
      4838.20      3.72134
      4841.56      3.60163
      4844.93      3.69690
      4848.29      3.73267
      4851.65      3.62493
      4855.02      3.73219
      4858.38      3.72659
      4861.74      3.78812
      4865.11      3.86558
      4868.47      3.81156
      4871.83      3.86101
      4875.20      3.76396
      4878.56      3.84213
      4881.92      3.77854
      4885.29      3.69190
      4888.65      3.72064
      4892.01      3.65718
      4895.38      3.68851
      4898.74      3.66533
      4902.10      3.76562
      4905.47      3.59849
      4908.83      3.53898
      4912.19      3.66495
      4915.56      3.82838
      4918.92      3.88540
      4922.28      3.94483
      4925.65      4.02252
      4929.01      3.69444
      4932.37      3.52423
      4935.74      3.65364
      4939.10      3.68370
      4942.46      3.67698
      4945.83      3.60899
      4949.19      3.64249
      4952.55      3.63990
      4955.92      3.66653
      4959.28      3.67023
      4962.64      3.55563
      4966.01      3.60169
      4969.37      3.53994
      4972.73      3.47833
      4976.10      3.46430
      4979.46      3.54785
      4982.82      3.60300
      4986.19      3.45042
      4989.55      3.41408
      4992.91      3.48152
      4996.28      3.49176
      4999.64      3.45240
      5003.00      3.51615
      5006.37      3.41779
      5009.73      3.44573
      5013.09      3.52730
      5016.46      3.49518
      5019.82      3.42348
      5023.19      3.43532
      5026.55      3.52909
      5029.91      3.54092
      5033.28      3.49564
      5036.64      3.52618
      5040.00      3.49662
      5043.37      3.30368
      5046.73      3.28151
      5050.09      3.25528
      5053.46      3.34873
      5056.82      3.40155
      5060.18      3.24916
      5063.55      3.34584
      5066.91      3.30162
      5070.27      3.31027
      5073.64      3.42186
      5077.00      3.30068
      5080.36      3.24621
      5083.73      3.23540
      5087.09      3.32628
      5090.45      3.20202
      5093.82      3.33629
      5097.18      3.34162
      5100.54      3.23654
      5103.91      3.24830
      5107.27      3.24413
      5110.63      3.25315
      5114.00      3.32893
      5117.36      3.30428
      5120.72      2.26554
      5124.09      2.62502
      5127.45      3.35137
      5130.81      3.27598
      5134.18      3.24203
      5137.54      3.23811
      5140.90      3.28316
      5144.27      3.22687
      5147.63      3.19279
      5150.99      3.28896
      5154.36      3.32171
      5157.72      3.20861
      5161.08      3.17290
      5164.45      3.19820
      5167.81      3.22309
      5171.17      3.24993
      5174.54      3.19730
      5177.90      3.26646
      5181.26      3.25596
      5184.63      3.13843
      5187.99      3.16479
      5191.35      3.19860
      5194.72      3.17507
      5198.08      3.14830
      5201.44      3.17212
      5204.81      3.12322
      5208.17      3.15381
      5211.53      3.15133
      5214.90      3.11722
      5218.26      3.07908
      5221.62      3.11555
      5224.99      3.00808
      5228.35      3.05233
      5231.71      3.06427
      5235.08      2.99928
      5238.44      3.02918
      5241.80      3.12535
      5245.17      3.10203
      5248.53      3.01058
      5251.89      2.96089
      5255.26      2.88917
      5258.62      3.00475
      5261.98      3.03165
      5265.35      3.05330
      5268.71      2.95276
      5272.07      2.92259
      5275.44      3.04163
      5278.80      3.14527
      5282.16      3.04468
      5285.53      2.97368
      5288.89      2.91274
      5292.25      2.92841
      5295.62      2.96217
      5298.98      2.98546
      5302.34      2.88485
      5305.71      2.86832
      5309.07      3.00604
      5312.44      2.88707
      5315.80      2.79495
      5319.16      2.90286
      5322.52      2.95651
      5325.89      2.87333
      5329.25      2.82985
      5332.62      2.82563
      5335.98      2.75984
      5339.34      2.85527
      5342.71      2.87160
      5346.07      2.78484
      5349.43      2.74905
      5352.80      2.76598
      5356.16      2.81381
      5359.52      2.79666
      5362.89      2.88540
      5366.25      2.91750
      5369.61      2.83992
      5372.98      2.83794
      5376.34      2.82940
      5379.70      2.77258
      5383.07      2.67199
      5386.43      2.81744
      5389.79      2.70054
      5393.16      2.78311
      5396.52      2.81539
      5399.88      2.71609
      5403.25      2.65858
      5406.61      2.77684
      5409.97      2.75556
      5413.34      2.65291
      5416.70      2.72102
      5420.06      2.70121
      5423.43      2.76426
      5426.79      2.73598
      5430.15      2.74807
      5433.52      2.72579
      5436.88      2.68043
      5440.24      2.71948
      5443.61      2.65668
      5446.97      2.66549
      5450.33      2.71241
      5453.70      2.66650
      5457.06      2.66322
      5460.42      2.66153
      5463.79      2.66065
      5467.15      2.66564
      5470.51      2.68481
      5473.88      2.62782
      5477.24      2.56618
      5480.60      2.62123
      5483.97      2.69179
      5487.33      2.59030
      5490.69      2.57168
      5494.06      2.69576
      5497.42      2.63026
      5500.78      2.66093
      5504.15      2.59637
      5507.51      2.57629
      5510.87      2.57445
      5514.24      2.62998
      5517.60      2.67147
      5520.96      2.51213
      5524.33      2.54896
      5527.69      2.52477
      5531.05      2.51328
      5534.42      2.47962
      5537.78      2.53168
      5541.14      2.48073
      5544.51      2.49010
      5547.87      2.52115
      5551.23      2.58204
      5554.60      2.57935
      5557.96      2.47824
      5561.32      2.49049
      5564.69      2.51971
      5568.05      2.60894
      5571.41      2.43319
      5574.78      2.36669
      5578.14      2.46359
      5581.50      2.42227
      5584.87      2.44938
      5588.23      2.49172
      5591.59      2.43439
      5594.96      2.35590
      5598.32      2.39678
      5601.69      2.48192
      5605.05      2.39606
      5608.41      2.42638
      5611.77      2.44260
      5615.14      2.43687
      5618.50      2.47566
      5621.87      2.51334
      5625.23      2.45981
      5628.59      2.48675
      5631.96      2.41711
      5635.32      2.40902
      5638.68      2.39254
      5642.05      2.39461
      5645.41      2.44898
      5648.77      2.41579
      5652.14      2.46873
      5655.50      2.49344
      5658.86      2.45195
      5662.23      2.44718
      5665.59      2.47708
      5668.95      2.41801
      5672.32      2.43095
      5675.68      2.48288
      5679.04      2.48406
      5682.41      2.42642
      5685.77      2.41147
      5689.13      2.49946
      5692.50      2.44546
      5695.86      2.41060
      5699.22      2.38434
      5702.59      2.41386
      5705.95      2.37018
      5709.31      2.37279
      5712.68      2.44646
      5716.04      2.48505
      5719.40      2.38357
      5722.77      2.63388
      5726.13      2.94222
      5729.49      3.12542
      5732.86      3.27182
      5736.22      2.90091
      5739.58      2.93812
      5742.95      3.05316
      5746.31      2.62350
      5749.67      2.30586
      5753.04      2.34196
      5756.40      2.33028
      5759.76      2.33475
      5763.13      2.36203
      5766.49      2.37728
      5769.85      2.38321
      5773.22      2.26498
      5776.58      2.23533
      5779.94      2.29752
      5783.31      2.42110
      5786.67      2.40475
      5790.03      2.35347
      5793.40      2.48130
      5796.76      2.39598
      5800.12      2.33095
      5803.49      2.34489
      5806.85      2.36913
      5810.21      2.39222
      5813.58      2.43479
      5816.94      2.43866
      5820.30      2.52592
      5823.67      2.56268
      5827.03      2.56782
      5830.39      2.53194
      5833.76      2.53309
      5837.12      2.52568
      5840.48      2.55907
      5843.85      2.58634
      5847.21      2.52105
      5850.57      2.55058
      5853.94      2.64144
      5857.30      2.70148
      5860.66      2.56479
      5864.03      2.57655
      5867.39      2.54910
      5870.75      2.58681
      5874.12      2.60035
      5877.48      2.59593
      5880.84      2.55610
      5884.21      2.53244
      5887.57      2.43892
      5890.93      2.36111
      5894.30      2.46904
      5897.66      2.54254
      5901.02      2.66556
      5904.39      2.62980
      5907.75      2.57738
      5911.11      2.63891
      5914.48      2.63146
      5917.84      2.63298
      5921.21      2.63402
      5924.57      2.55675
      5927.93      2.57188
      5931.29      2.66588
      5934.66      2.59806
      5938.02      2.63781
      5941.39      2.66575
      5944.75      2.59560
      5948.11      2.60624
      5951.48      2.61488
      5954.84      2.46540
      5958.20      2.33627
      5961.57      2.29553
      5964.93      2.28107
      5968.29      2.32282
      5971.66      2.41914
      5975.02      2.45233
      5978.38      2.53369
      5981.75      2.57589
      5985.11      2.55559
      5988.47      2.56945
      5991.84      2.50028
      5995.20      2.45582
      5998.56      2.43400
      6001.93      2.38273
      6005.29      2.40740
      6008.65      2.44462
      6012.02      2.41457
      6015.38      2.43570
      6018.74      2.41932
      6022.11      2.40875
      6025.47      2.28504
      6028.83      2.32787
      6032.20      2.31582
      6035.56      2.36843
      6038.92      2.41946
      6042.29      2.31835
      6045.65      2.28440
      6049.01      2.36523
      6052.38      2.35231
      6055.74      2.31943
      6059.10      2.35044
      6062.47      2.32871
      6065.83      2.30955
      6069.19      2.25969
      6072.56      2.24513
      6075.92      2.22232
      6079.28      2.33116
      6082.65      2.28335
      6086.01      2.21808
      6089.37      2.22892
      6092.74      2.26755
      6096.10      2.22656
      6099.46      2.17006
      6102.83      2.24502
      6106.19      2.27232
      6109.55      2.27744
      6112.92      2.23445
      6116.28      2.20511
      6119.64      2.23603
      6123.01      2.19513
      6126.37      2.21209
      6129.73      2.13046
      6133.10      2.14751
      6136.46      2.12076
      6139.82      2.12619
      6143.19      2.18809
      6146.55      2.22285
      6149.91      2.15479
      6153.28      2.22098
      6156.64      2.14397
      6160.00      2.14349
      6163.37      2.12359
      6166.73      2.07826
      6170.09      2.06909
      6173.46      2.07570
      6176.82      2.09446
      6180.18      2.08677
      6183.55      2.07362
      6186.91      2.08611
      6190.27      2.13520
      6193.64      2.13987
      6197.00      2.10914
      6200.36      2.04248
      6203.73      2.07801
      6207.09      2.03801
      6210.46      2.13656
      6213.82      2.11892
      6217.18      2.07512
      6220.54      2.09332
      6223.91      2.05553
      6227.27      2.05733
      6230.64      2.08197
      6234.00      2.02939
      6237.36      2.06466
      6240.73      2.14838
      6244.09      2.10252
      6247.45      2.06045
      6250.82      2.00659
      6254.18      2.01504
      6257.54      2.04653
      6260.91      2.04082
      6264.27      2.09777
      6267.63      1.99905
      6271.00      2.04893
      6274.36      1.95051
      6277.72      1.90024
      6281.09      1.95164
      6284.45      1.96965
      6287.81      1.99930
      6291.18      2.03705
      6294.54      2.01435
      6297.90      2.02391
      6301.27      2.01744
      6304.63      1.91886
      6307.99      1.95715
      6311.36      1.95195
      6314.72      2.01815
      6318.08      2.02154
      6321.45      1.98414
      6324.81      1.93025
      6328.17      1.96735
      6331.54      2.00528
      6334.90      2.03739
      6338.26      2.01728
      6341.63      1.94757
      6344.99      2.01905
      6348.35      2.02334
      6351.72      1.87962
      6355.08      1.89776
      6358.44      1.91593
      6361.81      1.84669
      6365.17      1.93417
      6368.53      1.91694
      6371.90      1.82765
      6375.26      1.84507
      6378.62      1.87891
      6381.99      1.94184
      6385.35      1.84742
      6388.71      1.78115
      6392.08      1.89869
      6395.44      1.91577
      6398.80      1.81019
      6402.17      1.86204
      6405.53      1.96608
      6408.89      1.90953
      6412.26      1.88745
      6415.62      1.93982
      6418.98      1.88777
      6422.35      1.88592
      6425.71      1.82398
      6429.07      1.92303
      6432.44      1.93304
      6435.80      1.95641
      6439.16      1.93414
      6442.53      1.97485
      6445.89      2.00066
      6449.25      2.02205
      6452.62      1.98419
      6455.98      1.96269
      6459.34      2.03310
      6462.71      2.11061
      6466.07      2.15925
      6469.43      2.12510
      6472.80      2.09372
      6476.16      2.12749
      6479.52      2.18677
      6482.89      2.27557
      6486.25      2.30531
      6489.61      2.25878
      6492.98      2.29599
      6496.34      2.23485
      6499.70      2.25725
      6503.07      2.28835
      6506.43      2.25628
      6509.79      2.26589
      6513.16      2.32694
      6516.52      2.38736
      6519.89      2.38604
      6523.25      2.37686
      6526.61      2.36825
      6529.98      2.32539
      6533.34      2.31557
      6536.70      2.35183
      6540.07      2.31223
      6543.43      2.45437
      6546.79      2.42129
      6550.16      2.43868
      6553.52      2.49521
      6556.88      2.41131
      6560.25      2.46410
      6563.61      2.50906
      6566.97      2.37761
      6570.34      2.39819
      6573.70      2.48779
      6577.06      2.49467
      6580.43      2.38026
      6583.79      2.43758
      6587.15      2.46880
      6590.52      2.47227
      6593.88      2.54269
      6597.24      2.43071
      6600.61      2.43783
      6603.97      2.50762
      6607.33      2.43499
      6610.70      2.41431
      6614.06      2.41547
      6617.42      2.40951
      6620.79      2.47643
      6624.15      2.41681
      6627.51      2.42890
      6630.88      2.51361
      6634.24      2.48014
      6637.60      2.66938
      6640.97      3.06489
      6644.33      3.66047
      6647.69      4.09222
      6651.06      3.38335
      6654.42      2.61385
      6657.78      2.39411
      6661.15      2.46450
      6664.51      2.62359
      6667.87      2.68248
      6671.24      2.63909
      6674.60      2.47134
      6677.96      2.40290
      6681.33      2.31009
      6684.69      2.38364
      6688.05      2.36246
      6691.42      2.39547
      6694.78      2.30376
      6698.14      2.34575
      6701.51      2.28991
      6704.87      2.18283
      6708.23      2.13843
      6711.60      2.16361
      6714.96      2.17700
      6718.32      2.14395
      6721.69      2.16723
      6725.05      2.13201
      6728.41      2.17685
      6731.78      2.12412
      6735.14      2.09370
      6738.50      2.13682
      6741.87      2.13826
      6745.23      2.10821
      6748.59      2.10813
      6751.96      2.14708
      6755.32      2.16794
      6758.68      2.11992
      6762.05      2.08780
      6765.41      2.10770
      6768.77      2.09288
      6772.14      2.06450
      6775.50      2.05708
      6778.86      2.06542
      6782.23      2.02042
      6785.59      2.07749
      6788.95      1.98961
      6792.32      2.01535
      6795.68      2.06269
      6799.04      2.03853
      6802.41      2.08150
      6805.77      2.06056
      6809.13      2.01470
      6812.50      2.05344
      6815.86      2.02604
      6819.23      1.95857
      6822.59      1.89600
      6825.95      1.95377
      6829.31      1.88124
      6832.68      1.82375
      6836.04      1.87339
      6839.41      1.91472
      6842.77      1.91799
      6846.13      1.92255
      6849.50      1.92032
      6852.86      1.91269
      6856.22      1.92683
      6859.59      1.89812
      6862.95      1.74508
      6866.31      1.56478
      6869.68      1.45678
      6873.04      1.44006
      6876.40      1.64223
      6879.77      1.74676
      6883.13      1.70148
      6886.49      1.61985
      6889.86      1.63160
      6893.22      1.65297
      6896.58      1.66617
      6899.95      1.70731
      6903.31      1.68900
      6906.67      1.63628
      6910.04      1.72250
      6913.40      1.80304
      6916.76      1.69258
      6920.13      1.73500
      6923.49      1.71562
      6926.85      1.78430
      6930.22      1.75722
      6933.58      1.66710
      6936.94      1.69566
      6940.31      1.79315
      6943.67      1.79435
      6947.03      1.73236
      6950.40      1.74432
      6953.76      1.78735
      6957.12      1.78072
      6960.49      1.75237
      6963.85      1.71190
      6967.21      1.81890
      6970.58      1.83790
      6973.94      1.78555
      6977.30      1.75695
      6980.67      1.73927
      6984.03      1.75614
      6987.39      1.76162
      6990.76      1.73618
      6994.12      1.74444
      6997.48      1.76426
      7000.85      1.75318
      7004.21      1.76159
      7007.57      1.76897
      7010.94      1.76128
      7014.30      1.81921
      7017.66      1.76582
      7021.03      1.70722
      7024.39      1.76126
      7027.75      1.74529
      7031.12      1.78975
      7034.48      1.80042
      7037.84      1.77653
      7041.21      1.82708
      7044.57      1.79533
      7047.93      1.74403
      7051.30      1.74297
      7054.66      1.77077
      7058.02      1.80423
      7061.39      1.85160
      7064.75      1.86339
      7068.11      1.74039
      7071.48      1.76733
      7074.84      1.83169
      7078.20      1.78278
      7081.57      1.74514
      7084.93      1.70319
      7088.29      1.70431
      7091.66      1.84832
      7095.02      1.90336
      7098.38      1.88969
      7101.75      1.73567
      7105.11      1.74467
      7108.48      1.77694
      7111.84      1.72699
      7115.20      1.74661
      7118.56      1.78708
      7121.93      1.77632
      7125.29      1.78329
      7128.66      1.80121
      7132.02      1.77207
      7135.38      1.77804
      7138.75      1.81657
      7142.11      1.73605
      7145.47      1.77154
      7148.84      1.81688
      7152.20      1.77572
      7155.56      1.77003
      7158.93      1.76458
      7162.29      1.72118
      7165.65      1.70176
      7169.02      1.70647
      7172.38      1.72248
      7175.74      1.74372
      7179.11      1.70356
      7182.47      1.65746
      7185.83      1.69042
      7189.20      1.68001
      7192.56      1.73020
      7195.92      1.67290
      7199.29      1.62728
      7202.65      1.68119
      7206.01      1.75667
      7209.38      1.77127
      7212.74      1.75572
      7216.10      1.79438
      7219.47      1.78077
      7222.83      1.70400
      7226.19      1.78585
      7229.56      1.69205
      7232.92      1.66367
      7236.28      1.68644
      7239.65      1.71769
      7243.01      1.68407
      7246.37      1.65750
      7249.74      1.67103
      7253.10      1.67512
      7256.46      1.63360
      7259.83      1.62213
      7263.19      1.70930
      7266.55      1.75067
      7269.92      1.70412
      7273.28      1.69063
      7276.64      1.70362
      7280.01      1.66224
      7283.37      1.70089
      7286.73      1.68771
      7290.10      1.68075
      7293.46      1.67476
      7296.82      1.62741
      7300.19      1.65581
      7303.55      1.72839
      7306.91      1.71569
      7310.28      1.70357
      7313.64      1.70231
      7317.00      1.62434
      7320.37      1.70027
      7323.73      1.57925
      7327.09      1.60808
      7330.46      1.70637
      7333.82      1.67268
      7337.18      1.68014
      7340.55      1.65651
      7343.91      1.60214
      7347.27      1.72405
      7350.64      1.71578
      7354.00      1.59804
      7357.36      1.62008
      7360.73      1.68698
      7364.09      1.64980
      7367.45      1.56322
      7370.82      1.68729
      7374.18      1.66686
      7377.54      1.61415
      7380.91      1.66516
      7384.27      1.68423
      7387.63      1.69064
      7391.00      1.57146
      7394.36      1.59210
      7397.72      1.68976
      7401.09      1.70295
      7404.45      1.61075
      7407.81      1.60696
      7411.18      1.59957
      7414.54      1.57375
      7417.90      1.59855
      7421.27      1.63496
      7424.63      1.69224
      7428.00      1.71736
      7431.36      1.62780
      7434.72      1.64599
      7438.08      1.67722
      7441.45      1.56316
      7444.81      1.55611
      7448.18      1.62459
      7451.54      1.59014
      7454.90      1.57822
      7458.27      1.57106
      7461.63      1.59332
      7464.99      1.64176
      7468.36      1.58935
      7471.72      1.56757
      7475.08      1.59249
      7478.45      1.50788
      7481.81      1.51563
      7485.17      1.52260
      7488.54      1.54968
      7491.90      1.62578
      7495.26      1.62114
      7498.63      1.60530
      7501.99      1.55256
      7505.35      1.55136
      7508.72      1.64775
      7512.08      1.58433
      7515.44      1.53701
      7518.81      1.49773
      7522.17      1.52840
      7525.53      1.49014
      7528.90      1.52362
      7532.26      1.54413
      7535.62      1.53567
      7538.99      1.51553
      7542.35      1.51470
      7545.71      1.49417
      7549.08      1.46119
      7552.44      1.50440
      7555.80      1.48224
      7559.17      1.49338
      7562.53      1.49245
      7565.89      1.52708
      7569.26      1.52191
      7572.62      1.52289
      7575.98      1.48016
      7579.35      1.43289
      7582.71      1.39391
      7586.07      1.39916
      7589.44      1.34676
      7592.80      1.03408
      7596.16     0.818441
      7599.53     0.642179
      7602.89     0.597052
      7606.25     0.594917
      7609.62     0.759851
      7612.98     0.946535
      7616.34      1.06527
      7619.71      1.05243
      7623.07     0.956033
      7626.43     0.872974
      7629.80     0.838844
      7633.16     0.902141
      7636.52     0.883474
      7639.89     0.949080
      7643.25      1.03882
      7646.61      1.09957
      7649.98      1.18153
      7653.34      1.17748
      7656.70      1.22604
      7660.07      1.32931
      7663.43      1.37746
      7666.79      1.38738
      7670.16      1.34486
      7673.52      1.36403
      7676.88      1.42866
      7680.25      1.41592
      7683.61      1.39325
      7686.97      1.40102
      7690.34      1.40285
      7693.70      1.43812
      7697.06      1.45074
      7700.43      1.41323
      7703.79      1.42602
      7707.15      1.45923
      7710.52      1.44234
      7713.88      1.44065
      7717.25      1.36021
      7720.61      1.44362
      7723.97      1.40421
      7727.33      1.34152
      7730.70      1.41282
      7734.06      1.43969
      7737.43      1.42140
      7740.79      1.42380
      7744.15      1.43799
      7747.52      1.49741
      7750.88      1.46955
      7754.24      1.43270
      7757.61      1.38549
      7760.97      1.44848
      7764.33      1.34783
      7767.70      1.30140
      7771.06      1.43250
      7774.42      1.48934
      7777.79      1.39730
      7781.15      1.36180
      7784.51      1.43004
      7787.88      1.44824
      7791.24      1.43943
      7794.60      1.45763
      7797.97      1.36682
      7801.33      1.36699
      7804.69      1.39989
      7808.06      1.42800
      7811.42      1.44957
      7814.78      1.46715
      7818.15      1.48321
      7821.51      1.45940
      7824.87      1.42040
      7828.24      1.41166
      7831.60      1.37835
      7834.96      1.39878
      7838.33      1.46130
      7841.69      1.42949
      7845.05      1.42092
      7848.42      1.44979
      7851.78      1.40007
      7855.14      1.39731
      7858.51      1.43838
      7861.87      1.37923
      7865.23      1.42105
      7868.60      1.36867
      7871.96      1.41292
      7875.32      1.45049
      7878.69      1.37135
      7882.05      1.32460
      7885.41      1.42867
      7888.78      1.46715
      7892.14      1.41647
      7895.50      1.43324
      7898.87      1.41636
      7902.23      1.37769
      7905.59      1.41222
      7908.96      1.46513
      7912.32      1.39829
      7915.68      1.35973
      7919.05      1.42849
      7922.41      1.44611
      7925.77      1.39294
      7929.14      1.39905
      7932.50      1.41696
      7935.86      1.37788
      7939.23      1.39938
      7942.59      1.39276
      7945.95      1.31389
      7949.32      1.44767
      7952.68      1.44154
      7956.04      1.38565
      7959.41      1.38304
      7962.77      1.39106
      7966.13      1.38748
      7969.50      1.36553
      7972.86      1.38423
      7976.22      1.40245
      7979.59      1.31935
      7982.95      1.40788
      7986.31      1.42880
      7989.68      1.39738
      7993.04      1.43233
      7996.40      1.38618
      7999.77      1.32235
      8003.13      1.32884
      8006.49      1.30397
      8009.86      1.30144
      8013.22      1.34437
      8016.58      1.32307
      8019.95      1.35364
      8023.31      1.32201
      8026.68      1.34435
      8030.04      1.35436
      8033.40      1.31844
      8036.77      1.35120
      8040.13      1.37628
      8043.49      1.33154
      8046.86      1.33000
      8050.22      1.28114
      8053.58      1.27771
      8056.95      1.37513
      8060.31      1.28592
      8063.67      1.23764
      8067.04      1.35410
      8070.40      1.36038
      8073.76      1.34053
      8077.13      1.41027
      8080.49      1.40794
      8083.85      1.37555
      8087.22      1.31161
      8090.58      1.30989
      8093.94      1.35327
      8097.31      1.33886
      8100.67      1.36342
      8104.03      1.37901
      8107.40      1.37243
      8110.76      1.34039
      8114.12      1.30478
      8117.49      1.32089
      8120.85      1.31946
      8124.21      1.33634
      8127.58      1.34321
      8130.94      1.32993
      8134.30      1.32192
      8137.67      1.35794
      8141.03      1.25737
      8144.39      1.18105
      8147.76      1.22841
      8151.12      1.25458
      8154.48      1.28270
      8157.85      1.25834
      8161.21      1.28313
      8164.57      1.28709
      8167.94      1.33442
      8171.30      1.29425
      8174.66      1.26216
      8178.03      1.22198
      8181.39      1.22711
      8184.75      1.24222
      8188.12      1.18718
      8191.48      1.24429
      8194.84      1.24584
      8198.21      1.24106
      8201.57      1.32845
      8204.93      1.33146
      8208.30      1.32152
      8211.66      1.29982
      8215.02      1.26757
      8218.39      1.26929
      8221.75      1.25584
      8225.11      1.17766
      8228.48      1.10180
      8231.84      1.15719
      8235.20      1.33630
      8238.57      1.37942
      8241.93      1.27916
      8245.29      1.27171
      8248.66      1.35617
      8252.02      1.34630
      8255.38      1.29444
      8258.75      1.31647
      8262.11      1.29762
      8265.47      1.30009
      8268.84      1.38999
      8272.20      1.27771
      8275.56      1.24217
      8278.93      1.27693
      8282.29      1.27643
      8285.65      1.23532
      8289.02      1.27588
      8292.38      1.29093
      8295.75      1.18840
      8299.11      1.34963
      8302.47      1.30359
      8305.83      1.23482
      8309.20      1.28686
      8312.56      1.26245
      8315.92      1.25235
      8319.29      1.17824
      8322.65      1.13688
      8326.01      1.26671
      8329.38      1.31397
      8332.74      1.30946
      8336.11      1.34420
      8339.47      1.35018
      8342.83      1.26353
      8346.20      1.35966
      8349.56      1.31047
      8352.92      1.23645
      8356.29      1.28315
      8359.65      1.24604
      8363.01      1.23159
      8366.38      1.29524
      8369.74      1.21006
      8373.10      1.19979
      8376.47      1.24866
      8379.83      1.27746
      8383.19      1.23546
      8386.56      1.23125
      8389.92      1.26790
      8393.28      1.28987
      8396.65      1.30151
      8400.01      1.24996
      8403.37      1.20341
      8406.74      1.21232
      8410.10      1.23456
      8413.46      1.23150
      8416.83      1.33022
      8420.19      1.35305
      8423.55      1.30467
      8426.92      1.21430
      8430.28      1.11769
      8433.64      1.25944
      8437.01      1.32609
      8440.37      1.31589
      8443.73      1.22523
      8447.10      1.17377
      8450.46      1.20139
      8453.82      1.22681
      8457.19      1.20227
      8460.55      1.17318
      8463.91      1.18021
      8467.28      1.19100
      8470.64      1.19353
      8474.00      1.23795
      8477.37      1.22115
      8480.73      1.20612
      8484.09      1.25933
      8487.46      1.22054
      8490.82      1.11643
      8494.18      1.11783
      8497.55      1.15827
      8500.91      1.13329
      8504.27      1.11777
      8507.64      1.09547
      8511.00      1.19751
      8514.36      1.23758
      8517.73      1.22679
      8521.09      1.14791
      8524.45      1.12563
      8527.82      1.18599
      8531.18      1.18576
      8534.54      1.19030
      8537.91      1.14402
      8541.27      1.17855
      8544.63      1.18027
      8548.00      1.14685
      8551.36      1.18433
      8554.72      1.18302
      8558.09      1.13769
      8561.45      1.17697
      8564.81      1.23074
      8568.18      1.18975
      8571.54      1.12921
      8574.90      1.15508
      8578.27      1.18683
      8581.63      1.20190
      8584.99      1.21488
      8588.36      1.17085
      8591.72      1.13323
      8595.08      1.18357
      8598.45      1.18747
      8601.81      1.10567
      8605.17      1.13940
      8608.54      1.12094
      8611.90      1.10146
      8615.26      1.19965
      8618.63      1.21663
      8621.99      1.11705
      8625.36      1.10383
      8628.72      1.15377
      8632.08      1.16227
      8635.45      1.22856
      8638.81      1.16813
      8642.17      1.08886
      8645.54      1.13176
      8648.90      1.09276
      8652.26      1.06460
      8655.62      1.03796
      8658.99     0.991521
      8662.35      1.05074
      8665.72      1.08807
      8669.08      1.11754
      8672.44      1.07145
      8675.81      1.10241
      8679.17      1.14075
      8682.53      1.12769
      8685.90      1.08649
      8689.26      1.06413
      8692.62      1.12455
      8695.99      1.17948
      8699.35      1.09747
      8702.71      1.12885
      8706.08      1.12262
      8709.44      1.08560
      8712.80      1.10888
      8716.17      1.10681
      8719.53      1.06910
      8722.89      1.06530
      8726.26      1.06008
      8729.62      1.07322
      8732.98      1.17265
      8736.35      1.12338
      8739.71      1.02954
      8743.07      1.10171
      8746.44      1.11283
      8749.80      1.07345
      8753.16      1.05711
      8756.53      1.04407
      8759.89      1.10481
      8763.25      1.12622
      8766.62      1.09072
      8769.98     0.980246
      8773.34      1.13633
      8776.71      1.04848
      8780.07     0.970829
      8783.43      1.07272
      8786.80      1.07865
      8790.16      1.07358
      8793.52      1.10109
      8796.89      1.08992
      8800.25      1.09142
      8803.61      1.16119
      8806.98      1.07339
      8810.34      1.03964
      8813.70      1.07008
      8817.07      1.06900
      8820.43      1.07905
      8823.79      1.01836
      8827.16     0.972773
      8830.52     0.959841
      8833.88      1.00397
      8837.25      1.04488
      8840.61      1.00560
      8843.97      1.00660
      8847.34      1.05982
      8850.70      1.05027
      8854.06      1.01149
      8857.43     0.988036
      8860.79     0.976755
      8864.15     0.980739
      8867.52      1.02082
      8870.88      1.00695
      8874.24     0.978305
      8877.61     0.963540
      8880.97     0.972698
      8884.33     0.984887
      8887.70     0.936802
      8891.06      1.03893
      8894.42      1.05307
      8897.79     0.987527
      8901.15     0.983189
      8904.51     0.993870
      8907.88     0.962192
      8911.24     0.955231
      8914.60     0.921561
      8917.97     0.816176
      8921.33     0.921201
      8924.70     0.994698
      8928.06     0.978844
      8931.42      1.01205
      8934.79     0.989139
      8938.15     0.958301
      8941.51     0.982886
      8944.88     0.951651
      8948.24     0.939409
      8951.60     0.985181
      8954.97     0.914428
      8958.33     0.905231
      8961.69     0.923950
      8965.06     0.908767
      8968.42     0.867466
      8971.78     0.824248
      8975.15     0.849201
      8978.51     0.937171
      8981.87     0.919062
      8985.24     0.847203
      8988.60     0.800153
      8991.96     0.923939
      8995.33     0.871060
      8998.69     0.778783
      9002.05     0.822379
      9005.42     0.804237
      9008.78     0.846276
      9012.14     0.895215
      9015.51     0.925516
      9018.87     0.953439
      9022.23     0.956002
      9025.60     0.877054
      9028.96     0.806157
      9032.32     0.801931
      9035.69     0.807499
      9039.05     0.813861
      9042.41     0.795017
      9045.78     0.865211
      9049.14     0.871402
      9052.50     0.891773
      9055.87     0.928313
      9059.23     0.859546
      9062.59     0.752958
      9065.96     0.781637
      9069.32     0.856642
      9072.68     0.800601
      9076.05     0.793250
      9079.41     0.789607
      9082.77     0.750541
      9086.14     0.815754
      9089.50     0.848170
      9092.86     0.770763
      9096.23     0.799442
      9099.59     0.833801
      9102.95     0.819534
      9106.32     0.922554
      9109.68     0.889049
      9113.04     0.843112
      9116.41     0.819849
      9119.77     0.765859
      9123.13     0.765310
      9126.50     0.810988
      9129.86     0.809964
      9133.22     0.779065
      9136.59     0.814486
      9139.95     0.771620
      9143.31     0.736744
      9146.68     0.752162
      9150.04     0.760409
      9153.40     0.810581
      9156.77     0.857531
      9160.13     0.771806
      9163.49     0.830682
      9166.86     0.787203
      9170.22     0.742811
      9173.58     0.765490
      9176.95     0.783540
      9180.31     0.818466
      9183.67     0.884040
      9187.04     0.886995
      9190.40     0.825134
      9193.76     0.704591
      9197.13     0.718856
      9200.49     0.762744
      9203.85     0.780836
      9207.22     0.764196
      9210.58     0.744842
      9213.95     0.807271
      9217.31     0.803730
      9220.67     0.762163
      9224.04     0.721019
      9227.40     0.710479
      9230.76     0.760764
      9234.12     0.809269
      9237.49     0.775359
      9240.85     0.737450
      9244.21     0.785203
      9247.58     0.775482
      9250.94     0.765957
      9254.31     0.763427
      9257.67     0.763841
      9261.03     0.772394
      9264.40     0.724364
      9267.76     0.648935
      9271.12     0.660858
      9274.49     0.678873
      9277.85     0.724913
      9281.21     0.740279
      9284.58     0.681376
      9287.94     0.659350
      9291.30     0.691975
      9294.67     0.670798
      9298.03     0.663193
      9301.39     0.739848
      9304.76     0.620957
      9308.12     0.673733
      9311.48     0.733595
      9314.85     0.662094
      9318.21     0.631481
      9321.57     0.640756
      9324.94     0.562189
      9328.30     0.519726
      9331.66     0.555672
      9335.03     0.526371
      9338.39     0.515796
      9341.75     0.581302
      9345.12     0.588124
      9348.48     0.573179
      9351.84     0.625705
      9355.21     0.608853
      9358.57     0.533010
      9361.93     0.586978
      9365.30     0.577440
      9368.66     0.527626
      9372.02     0.593291
      9375.39     0.584071
      9378.75     0.474603
      9382.11     0.510643
      9385.48     0.577667
      9388.84     0.685191
      9392.20     0.612183
      9395.57     0.605983
      9398.93     0.618252
      9402.29     0.617325
      9405.66     0.620657
      9409.02     0.604848
      9412.38     0.687611
      9415.75     0.747292
      9419.11     0.699563
      9422.47     0.649470
      9425.84     0.624272
      9429.20     0.575821
      9432.56     0.593390
      9435.93     0.625154
      9439.29     0.603715
      9442.65     0.921769
      9446.02     0.888618
      9449.38     0.641984
      9452.74     0.567515
      9456.11     0.628264
      9459.47     0.610853
      9462.83     0.546949
      9466.20     0.573652
      9469.56     0.598350
      9472.92     0.607260
      9476.29     0.556209
      9479.65     0.625541
      9483.01     0.591517
      9486.38     0.484984
      9489.74     0.523235
      9493.10     0.508190
      9496.47     0.519758
      9499.83     0.483202
      9503.19     0.528473
      9506.56     0.538934
      9509.92     0.599735
      9513.29     0.636887
      9516.65     0.581720
      9520.01     0.627271
      9523.38     0.506166
      9526.74     0.415881
      9530.10     0.538258
      9533.46     0.624584
      9536.83     0.561340
      9540.19     0.541049
      9543.56     0.592915
      9546.92     0.541123
      9550.28     0.500843
      9553.65     0.549436
      9557.01     0.510092
      9560.37     0.478659
      9563.74     0.529474
      9567.10     0.533670
      9570.46     0.464400
      9573.83     0.446681
      9577.19     0.441595
      9580.55     0.479030
      9583.92     0.467097
      9587.28     0.477743
      9590.64     0.473121
      9594.01     0.461395
      9597.37     0.489974
      9600.73     0.438339
      9604.10     0.448770
      9607.46     0.479920
      9610.82     0.470193
      9614.19     0.415680
      9617.55     0.435525
      9620.91     0.471711
      9624.28     0.420860
      9627.64     0.456218
      9631.00     0.424536
      9634.37     0.403412
      9637.73     0.413103
      9641.09     0.378254
      9644.46     0.385366
      9647.82     0.439464
      9651.18     0.434061
      9654.55     0.510535
      9657.91     0.490446
      9661.27     0.388331
      9664.64     0.407861
      9668.00     0.470094
      9671.36     0.398346
      9674.73     0.351241
      9678.09     0.473729
      9681.45     0.423159
      9684.82     0.362763
      9688.18     0.394833
      9691.54     0.425207
      9694.91     0.378465
      9698.27     0.344539
      9701.63     0.390528
      9705.00     0.412224
